norm_arr = [328, 326, 269, 329, 401, 386, 300, 332];
pref_chan_arr = [29, 6, 5, 20, 19, 13, 28, 15]; 